# -*- coding: utf-8 -*-
"""
Created on Sun Mar 28 10:47:49 2021

@author: HP
"""

def separacion():
    numeros = (0,1,2,3,4,5,6,7,8,9)
    print('%6d %3d %3d %3d %3d %3d %3d %3d %3d %3d' % numeros)
    print('------------------------------------------')
    
lista1 = []
numeros = (0,1,2,3,4,5,6,7,8,9)
for i in numeros:
    lista = [0]
    a = 0
    for j in numeros:
        a = a + i
        lista.append(a)
    lista1.append(lista)
    
separacion()

for i,r in enumerate(lista1):
    p = (f'{i}:')
    print(f'{p} {r[0]:>3d} {r[1]:>3d} {r[2]:>3d} {r[3]:>3d} {r[4]:>3d} {r[5]:>3d} {r[6]:>3d} {r[7]:>3d} {r[8]:>3d} {r[9]:>3d}')
## Lo que obtengo:    
##     0   1   2   3   4   5   6   7   8   9
##------------------------------------------
##0:   0   0   0   0   0   0   0   0   0   0
##1:   0   1   2   3   4   5   6   7   8   9
##2:   0   2   4   6   8  10  12  14  16  18
##3:   0   3   6   9  12  15  18  21  24  27
##4:   0   4   8  12  16  20  24  28  32  36
##5:   0   5  10  15  20  25  30  35  40  45
##6:   0   6  12  18  24  30  36  42  48  54
##7:   0   7  14  21  28  35  42  49  56  63
##8:   0   8  16  24  32  40  48  56  64  72
##9:   0   9  18  27  36  45  54  63  72  81




    
    
